  0
SECTION
  2
HEADER
  9
$ACADVER
  1
AC1009
  9
$DWGCODEPAGE
  3
ANSI_1252
  9
$INSBASE
 10
0.0
 20
0.0
  9
$EXTMIN
 10
1e+20
 20
1e+20
 30
1e+20
  9
$EXTMAX
 10
-1e+20
 20
-1e+20
 30
-1e+20
  9
$LIMMIN
 10
0.0
 20
0.0
  9
$LIMMAX
 10
420.0
 20
297.0
  9
$TDCREATE
 40
2460557.9712962965
  9
$TDUPDATE
 40
2460557.9712962965
  9
$PEXTMIN
 10
1e+20
 20
1e+20
 30
1e+20
  9
$PEXTMAX
 10
-1e+20
 20
-1e+20
 30
-1e+20
  9
$PLIMMIN
 10
0.0
 20
0.0
  9
$PLIMMAX
 10
420.0
 20
297.0
  0
ENDSEC
  0
SECTION
  2
TABLES
  0
TABLE
  2
VPORT
 70
1
  0
VPORT
  2
*Active
 70
0
 10
0.0
 20
0.0
 11
1.0
 21
1.0
 12
0.0
 22
0.0
 13
0.0
 23
0.0
 14
0.5
 24
0.5
 15
0.5
 25
0.5
 16
0.0
 26
0.0
 36
1.0
 17
0.0
 27
0.0
 37
0.0
 40
1000.0
 41
1.34
 42
50.0
 43
0.0
 44
0.0
 50
0.0
 51
0.0
 71
0
 72
1000
 73
1
 74
3
 75
0
 76
0
 77
0
 78
0
  0
ENDTAB
  0
TABLE
  2
LTYPE
 70
6
  0
LTYPE
  2
CONTINUOUS
 70
64
  3
SolidLine
 72
65
 73
0
 40
0.0
  0
LTYPE
  2
HIDDEN
 70
64
  3
------------------------
 72
65
 73
2
 40
0.940299
 49
0.626866
 49
-0.313433
  0
LTYPE
  2
DASHDOT
 70
64
  3
--?--?--?--?--?--?--?--
 72
65
 73
4
 40
3.761194
 49
2.820896
 49
-0.313433
 49
0.313433
 49
-0.313433
  0
LTYPE
  2
DIVIDE
 70
64
  3
--??--??--??--??--??--
 72
65
 73
6
 40
4.701493
 49
3.134328
 49
-0.313433
 49
0.313433
 49
-0.313433
 49
0.313433
 49
-0.313433
  0
LTYPE
  2
ByBlock
 70
0
  3

 72
65
 73
0
 40
0.0
  0
LTYPE
  2
ByLayer
 70
0
  3

 72
65
 73
0
 40
0.0
  0
ENDTAB
  0
TABLE
  2
LAYER
 70
5
  0
LAYER
  2
0
 70
64
 62
7
  6
CONTINUOUS
  0
LAYER
  2
HIDDEN
 70
64
 62
2
  6
HIDDEN
  0
LAYER
  2
DASHDOT
 70
64
 62
6
  6
DASHDOT
  0
LAYER
  2
DIVIDE
 70
64
 62
5
  6
DIVIDE
  0
LAYER
  2
Defpoints
 70
0
 62
7
  6
Continuous
  0
ENDTAB
  0
TABLE
  2
STYLE
 70
2
  0
STYLE
  2
STANDARD
 70
64
 40
0.0
 41
1.0
 50
0.0
 71
0
 42
0.2
  3
TXT
  4

  0
STYLE
  2
KANJI
 70
64
 40
0.0
 41
1.0
 50
0.0
 71
0
 42
0.2
  3
TXT
  4
BIGFONT
  0
ENDTAB
  0
TABLE
  2
VIEW
 70
0
  0
ENDTAB
  0
TABLE
  2
UCS
 70
0
  0
ENDTAB
  0
TABLE
  2
APPID
 70
3
  0
APPID
  2
ACAD
 70
0
  0
APPID
  2
HATCHBACKGROUNDCOLOR
 70
0
  0
APPID
  2
EZDXF
 70
0
  0
ENDTAB
  0
TABLE
  2
DIMSTYLE
 70
1
  0
DIMSTYLE
  2
Standard
 70
0
  3

  4

  5

  6

  7

 40
1.0
 41
2.5
 42
0.625
 43
3.75
 44
1.25
 45
0.0
 46
0.0
 47
0.0
 48
0.0
140
2.5
141
2.5
142
0.0
143
0.03937007874
144
1.0
145
0.0
146
1.0
147
0.625
 71
0
 72
0
 73
0
 74
0
 75
0
 76
0
 77
1
 78
8
170
0
171
3
172
1
173
0
174
0
175
0
176
0
177
0
178
0
  0
ENDTAB
  0
ENDSEC
  0
SECTION
  2
BLOCKS
  0
BLOCK
  8
0
  2
$Model_Space
 70
0
 10
0.0
 20
0.0
 30
0.0
  3
$Model_Space
  1

1001
EZDXF
1000
WRITTEN_BY_EZDXF
1000
1.3.3 @ 2024-09-04T03:18:40.269466+00:00
  0
ENDBLK
  8
0
  0
BLOCK
  8
0
  2
$Paper_Space
 70
0
 10
0.0
 20
0.0
 30
0.0
  3
$Paper_Space
  1

  0
ENDBLK
  8
0
  0
ENDSEC
  0
SECTION
  2
ENTITIES
  0
TEXT
  8
0
 62
7
 10
3.134328
 20
3.447761
 30
0.0
 40
1.253731
  1
KHK AG0.5-20R1
  7
KANJI
  0
TEXT
  8
0
 62
7
 10
3.134328
 20
1.567164
 30
0.0
 40
1.253731
  1

  7
KANJI
  0
TEXT
  8
0
 62
7
 10
3.134328
 20
56.417912
 30
0.0
 40
1.410448
  1

  7
KANJI
  0
POLYLINE
  8
0
 62
7
 66
1
 10
0.0
 20
0.0
 30
0.0
 70
2
  0
VERTEX
  8
0
 10
75.223877
 20
56.417912
 30
0.0
 70
0
  0
VERTEX
  8
0
 10
74.001488
 20
58.536716
 30
0.0
 70
0
  0
VERTEX
  8
0
 10
78.891045
 20
58.536716
 30
0.0
 70
0
  0
VERTEX
  8
0
 10
77.668655
 20
56.417912
 30
0.0
 70
0
  0
VERTEX
  8
0
 10
76.446266
 20
58.536716
 30
0.0
 70
0
  0
VERTEX
  8
0
 10
75.223877
 20
56.417912
 30
0.0
 70
0
  0
SEQEND
  8
0
  0
LINE
  8
0
 62
5
 10
47.104481
 20
29.791046
 30
0.0
 11
47.104481
 21
18.791046
 31
0.0
  0
POLYLINE
  8
0
 62
5
 66
1
 10
0.0
 20
0.0
 30
0.0
 70
2
  0
VERTEX
  8
0
 10
47.417915
 20
28.694031
 30
0.0
 70
0
  0
VERTEX
  8
0
 10
47.104481
 20
29.791046
 30
0.0
 70
0
  0
VERTEX
  8
0
 10
46.791046
 20
28.694031
 30
0.0
 70
0
  0
SEQEND
  8
0
  0
POLYLINE
  8
0
 62
5
 66
1
 10
0.0
 20
0.0
 30
0.0
 70
2
  0
VERTEX
  8
0
 10
46.791046
 20
19.888062
 30
0.0
 70
0
  0
VERTEX
  8
0
 10
47.104481
 20
18.791046
 30
0.0
 70
0
  0
VERTEX
  8
0
 10
47.417915
 20
19.888062
 30
0.0
 70
0
  0
SEQEND
  8
0
  0
LINE
  8
0
 62
5
 10
32.686569
 20
29.791046
 30
0.0
 11
47.574631
 21
29.791046
 31
0.0
  0
LINE
  8
0
 62
5
 10
32.686569
 20
18.791046
 30
0.0
 11
47.574631
 21
18.791046
 31
0.0
  0
TEXT
  8
0
 62
7
 10
46.791046
 20
22.449629
 30
0.0
 40
1.567164
  1
%%c11
 50
90.0
  7
KANJI
  0
LINE
  8
0
 62
5
 10
11.91045
 20
24.291046
 30
0.0
 11
11.91045
 21
33.791046
 31
0.0
  0
POLYLINE
  8
0
 62
5
 66
1
 10
0.0
 20
0.0
 30
0.0
 70
2
  0
VERTEX
  8
0
 10
11.597017
 20
25.388062
 30
0.0
 70
0
  0
VERTEX
  8
0
 10
11.91045
 20
24.291046
 30
0.0
 70
0
  0
VERTEX
  8
0
 10
12.223883
 20
25.388062
 30
0.0
 70
0
  0
SEQEND
  8
0
  0
POLYLINE
  8
0
 62
5
 66
1
 10
0.0
 20
0.0
 30
0.0
 70
2
  0
VERTEX
  8
0
 10
12.223883
 20
32.694031
 30
0.0
 70
0
  0
VERTEX
  8
0
 10
11.91045
 20
33.791046
 30
0.0
 70
0
  0
VERTEX
  8
0
 10
11.597017
 20
32.694031
 30
0.0
 70
0
  0
SEQEND
  8
0
  0
LINE
  8
0
 62
5
 10
20.686569
 20
24.291046
 30
0.0
 11
11.440301
 21
24.291046
 31
0.0
  0
LINE
  8
0
 62
5
 10
21.626867
 20
33.791046
 30
0.0
 11
11.440301
 21
33.791046
 31
0.0
  0
TEXT
  8
0
 62
7
 10
11.283585
 20
27.199629
 30
0.0
 40
1.567164
  1
9.5
 50
90.0
  7
KANJI
  0
LINE
  8
0
 62
5
 10
25.686569
 20
40.447762
 30
0.0
 11
32.686569
 21
40.447762
 31
0.0
  0
POLYLINE
  8
0
 62
5
 66
1
 10
0.0
 20
0.0
 30
0.0
 70
2
  0
VERTEX
  8
0
 10
26.783585
 20
40.761192
 30
0.0
 70
0
  0
VERTEX
  8
0
 10
25.686569
 20
40.447762
 30
0.0
 70
0
  0
VERTEX
  8
0
 10
26.783585
 20
40.134331
 30
0.0
 70
0
  0
SEQEND
  8
0
  0
POLYLINE
  8
0
 62
5
 66
1
 10
0.0
 20
0.0
 30
0.0
 70
2
  0
VERTEX
  8
0
 10
31.589554
 20
40.134331
 30
0.0
 70
0
  0
VERTEX
  8
0
 10
32.686569
 20
40.447762
 30
0.0
 70
0
  0
VERTEX
  8
0
 10
31.589554
 20
40.761192
 30
0.0
 70
0
  0
SEQEND
  8
0
  0
LINE
  8
0
 62
5
 10
25.686569
 20
29.791046
 30
0.0
 11
25.686569
 21
40.917912
 31
0.0
  0
TEXT
  8
0
 62
7
 10
28.67724
 20
40.698509
 30
0.0
 40
1.567164
  1
7
  7
KANJI
  0
LINE
  8
0
 62
5
 10
25.067165
 20
37.9403
 30
0.0
 11
18.805973
 21
37.9403
 31
0.0
  0
POLYLINE
  8
0
 62
5
 66
1
 10
0.0
 20
0.0
 30
0.0
 70
2
  0
VERTEX
  8
0
 10
19.589554
 20
37.626869
 30
0.0
 70
0
  0
VERTEX
  8
0
 10
20.686569
 20
37.9403
 30
0.0
 70
0
  0
VERTEX
  8
0
 10
19.589554
 20
38.253731
 30
0.0
 70
0
  0
SEQEND
  8
0
  0
POLYLINE
  8
0
 62
5
 66
1
 10
0.0
 20
0.0
 30
0.0
 70
2
  0
VERTEX
  8
0
 10
24.283585
 20
38.253731
 30
0.0
 70
0
  0
VERTEX
  8
0
 10
23.186569
 20
37.9403
 30
0.0
 70
0
  0
VERTEX
  8
0
 10
24.283585
 20
37.626869
 30
0.0
 70
0
  0
SEQEND
  8
0
  0
LINE
  8
0
 62
5
 10
23.186569
 20
29.791046
 30
0.0
 11
23.186569
 21
38.41045
 31
0.0
  0
TEXT
  8
0
 62
7
 10
20.408585
 20
38.191048
 30
0.0
 40
1.567164
  1
2.5
  7
KANJI
  0
ARC
  8
DASHDOT
 62
7
 10
23.186569
 20
33.791046
 30
0.0
 40
4.5
 50
220.00000048542023
 51
319.99999751052013
  0
ARC
  8
DASHDOT
 62
7
 10
23.186569
 20
14.791046
 30
0.0
 40
4.5
 50
40.00000248947991
 51
139.99999951457977
  0
ARC
  8
0
 62
4
 10
23.186569
 20
33.791046
 30
0.0
 40
5.125
 50
240.80359599132476
 51
299.19640400867524
  0
ARC
  8
0
 62
4
 10
23.186569
 20
14.791046
 30
0.0
 40
5.125
 50
60.80359599132477
 51
119.19640400867523
  0
LINE
  8
0
 62
5
 10
25.686569
 20
29.491047
 30
0.0
 11
25.686569
 21
29.791046
 31
0.0
  0
LINE
  8
0
 62
5
 10
20.686569
 20
29.491047
 30
0.0
 11
20.686569
 21
29.791046
 31
0.0
  0
LINE
  8
0
 62
5
 10
32.686569
 20
28.491047
 30
0.0
 11
32.686569
 21
29.791046
 31
0.0
  0
LINE
  8
0
 62
5
 10
25.686569
 20
28.791046
 30
0.0
 11
32.686569
 21
28.791046
 31
0.0
  0
LINE
  8
0
 62
5
 10
25.686569
 20
19.791046
 30
0.0
 11
32.686569
 21
19.791046
 31
0.0
  0
LINE
  8
0
 62
5
 10
25.38657
 20
29.791046
 30
0.0
 11
32.686569
 21
29.791046
 31
0.0
  0
LINE
  8
0
 62
5
 10
25.38657
 20
18.791046
 30
0.0
 11
32.686569
 21
18.791046
 31
0.0
  0
LINE
  8
0
 62
4
 10
32.686569
 20
26.591045
 30
0.0
 11
32.38657
 21
26.291046
 31
0.0
  0
LINE
  8
0
 62
4
 10
32.686569
 20
21.991047
 30
0.0
 11
32.38657
 21
22.291046
 31
0.0
  0
LINE
  8
0
 62
4
 10
20.686569
 20
21.991047
 30
0.0
 11
20.986568
 21
22.291046
 31
0.0
  0
POLYLINE
  8
0
 62
4
 66
1
 10
0.0
 20
0.0
 30
0.0
 70
2
  0
VERTEX
  8
0
 10
23.186569
 20
29.791046
 30
0.0
 70
0
  0
VERTEX
  8
0
 10
20.986568
 20
29.791046
 30
0.0
 70
0
  0
VERTEX
  8
0
 10
20.686569
 20
29.491047
 30
0.0
 70
0
  0
VERTEX
  8
0
 10
20.686569
 20
21.991047
 30
0.0
 70
0
  0
SEQEND
  8
0
  0
POLYLINE
  8
0
 62
4
 66
1
 10
0.0
 20
0.0
 30
0.0
 70
2
  0
VERTEX
  8
0
 10
20.686569
 20
21.991047
 30
0.0
 70
0
  0
VERTEX
  8
0
 10
20.686569
 20
19.091045
 30
0.0
 70
0
  0
VERTEX
  8
0
 10
20.986568
 20
18.791046
 30
0.0
 70
0
  0
VERTEX
  8
0
 10
23.186569
 20
18.791046
 30
0.0
 70
0
  0
SEQEND
  8
0
  0
POLYLINE
  8
0
 62
4
 66
1
 10
0.0
 20
0.0
 30
0.0
 70
2
  0
VERTEX
  8
0
 10
20.686569
 20
26.591045
 30
0.0
 70
0
  0
VERTEX
  8
0
 10
20.986568
 20
26.291046
 30
0.0
 70
0
  0
VERTEX
  8
0
 10
20.986568
 20
22.291046
 30
0.0
 70
0
  0
VERTEX
  8
0
 10
32.38657
 20
22.291046
 30
0.0
 70
0
  0
VERTEX
  8
0
 10
32.38657
 20
26.291046
 30
0.0
 70
0
  0
VERTEX
  8
0
 10
20.986568
 20
26.291046
 30
0.0
 70
0
  0
SEQEND
  8
0
  0
LINE
  8
0
 62
5
 10
20.686569
 20
42.955223
 30
0.0
 11
32.686569
 21
42.955223
 31
0.0
  0
POLYLINE
  8
0
 62
5
 66
1
 10
0.0
 20
0.0
 30
0.0
 70
2
  0
VERTEX
  8
0
 10
21.783585
 20
43.268658
 30
0.0
 70
0
  0
VERTEX
  8
0
 10
20.686569
 20
42.955223
 30
0.0
 70
0
  0
VERTEX
  8
0
 10
21.783585
 20
42.641792
 30
0.0
 70
0
  0
SEQEND
  8
0
  0
POLYLINE
  8
0
 62
5
 66
1
 10
0.0
 20
0.0
 30
0.0
 70
2
  0
VERTEX
  8
0
 10
31.589554
 20
42.641792
 30
0.0
 70
0
  0
VERTEX
  8
0
 10
32.686569
 20
42.955223
 30
0.0
 70
0
  0
VERTEX
  8
0
 10
31.589554
 20
43.268658
 30
0.0
 70
0
  0
SEQEND
  8
0
  0
LINE
  8
0
 62
5
 10
20.686569
 20
29.791046
 30
0.0
 11
20.686569
 21
43.425377
 31
0.0
  0
LINE
  8
0
 62
5
 10
32.686569
 20
29.791046
 30
0.0
 11
32.686569
 21
43.425377
 31
0.0
  0
TEXT
  8
0
 62
7
 10
25.667912
 20
43.205971
 30
0.0
 40
1.567164
  1
12
  7
KANJI
  0
LINE
  8
0
 62
5
 10
20.686569
 20
40.447762
 30
0.0
 11
25.686569
 21
40.447762
 31
0.0
  0
POLYLINE
  8
0
 62
5
 66
1
 10
0.0
 20
0.0
 30
0.0
 70
2
  0
VERTEX
  8
0
 10
21.783585
 20
40.761192
 30
0.0
 70
0
  0
VERTEX
  8
0
 10
20.686569
 20
40.447762
 30
0.0
 70
0
  0
VERTEX
  8
0
 10
21.783585
 20
40.134331
 30
0.0
 70
0
  0
SEQEND
  8
0
  0
POLYLINE
  8
0
 62
5
 66
1
 10
0.0
 20
0.0
 30
0.0
 70
2
  0
VERTEX
  8
0
 10
24.589554
 20
40.134331
 30
0.0
 70
0
  0
VERTEX
  8
0
 10
25.686569
 20
40.447762
 30
0.0
 70
0
  0
VERTEX
  8
0
 10
24.589554
 20
40.761192
 30
0.0
 70
0
  0
SEQEND
  8
0
  0
TEXT
  8
0
 62
7
 10
22.67724
 20
40.698509
 30
0.0
 40
1.567164
  1
5
  7
KANJI
  0
LINE
  8
0
 62
5
 10
44.597015
 20
28.791046
 30
0.0
 11
44.597015
 21
19.791046
 31
0.0
  0
POLYLINE
  8
0
 62
5
 66
1
 10
0.0
 20
0.0
 30
0.0
 70
2
  0
VERTEX
  8
0
 10
44.91045
 20
27.694031
 30
0.0
 70
0
  0
VERTEX
  8
0
 10
44.597015
 20
28.791046
 30
0.0
 70
0
  0
VERTEX
  8
0
 10
44.283585
 20
27.694031
 30
0.0
 70
0
  0
SEQEND
  8
0
  0
POLYLINE
  8
0
 62
5
 66
1
 10
0.0
 20
0.0
 30
0.0
 70
2
  0
VERTEX
  8
0
 10
44.283585
 20
20.888062
 30
0.0
 70
0
  0
VERTEX
  8
0
 10
44.597015
 20
19.791046
 30
0.0
 70
0
  0
VERTEX
  8
0
 10
44.91045
 20
20.888062
 30
0.0
 70
0
  0
SEQEND
  8
0
  0
LINE
  8
0
 62
5
 10
32.686569
 20
28.791046
 30
0.0
 11
45.067169
 21
28.791046
 31
0.0
  0
LINE
  8
0
 62
5
 10
32.686569
 20
19.791046
 30
0.0
 11
45.067169
 21
19.791046
 31
0.0
  0
TEXT
  8
0
 62
7
 10
44.283585
 20
22.958958
 30
0.0
 40
1.567164
  1
%%c9
 50
90.0
  7
KANJI
  0
LINE
  8
0
 62
5
 10
39.582092
 20
20.41045
 30
0.0
 11
39.582092
 21
28.171642
 31
0.0
  0
POLYLINE
  8
0
 62
5
 66
1
 10
0.0
 20
0.0
 30
0.0
 70
2
  0
VERTEX
  8
0
 10
39.268661
 20
27.388062
 30
0.0
 70
0
  0
VERTEX
  8
0
 10
39.582092
 20
26.291046
 30
0.0
 70
0
  0
VERTEX
  8
0
 10
39.895523
 20
27.388062
 30
0.0
 70
0
  0
SEQEND
  8
0
  0
POLYLINE
  8
0
 62
5
 66
1
 10
0.0
 20
0.0
 30
0.0
 70
2
  0
VERTEX
  8
0
 10
39.895523
 20
21.194031
 30
0.0
 70
0
  0
VERTEX
  8
0
 10
39.582092
 20
22.291046
 30
0.0
 70
0
  0
VERTEX
  8
0
 10
39.268661
 20
21.194031
 30
0.0
 70
0
  0
SEQEND
  8
0
  0
LINE
  8
0
 62
5
 10
32.686569
 20
26.291046
 30
0.0
 11
40.052242
 21
26.291046
 31
0.0
  0
LINE
  8
0
 62
5
 10
32.686569
 20
22.291046
 30
0.0
 11
40.052242
 21
22.291046
 31
0.0
  0
TEXT
  8
0
 62
7
 10
39.268661
 20
21.9403
 30
0.0
 40
1.567164
  1
%%c4H7
 50
90.0
  7
KANJI
  0
POLYLINE
  8
0
 62
4
 66
1
 10
0.0
 20
0.0
 30
0.0
 70
2
  0
VERTEX
  8
0
 10
23.186569
 20
18.791046
 30
0.0
 70
0
  0
VERTEX
  8
0
 10
25.38657
 20
18.791046
 30
0.0
 70
0
  0
VERTEX
  8
0
 10
25.686569
 20
19.091045
 30
0.0
 70
0
  0
VERTEX
  8
0
 10
25.686569
 20
19.791046
 30
0.0
 70
0
  0
SEQEND
  8
0
  0
POLYLINE
  8
0
 62
4
 66
1
 10
0.0
 20
0.0
 30
0.0
 70
2
  0
VERTEX
  8
0
 10
25.686569
 20
28.791046
 30
0.0
 70
0
  0
VERTEX
  8
0
 10
25.686569
 20
29.491047
 30
0.0
 70
0
  0
VERTEX
  8
0
 10
25.38657
 20
29.791046
 30
0.0
 70
0
  0
VERTEX
  8
0
 10
23.186569
 20
29.791046
 30
0.0
 70
0
  0
SEQEND
  8
0
  0
POLYLINE
  8
0
 62
4
 66
1
 10
0.0
 20
0.0
 30
0.0
 70
2
  0
VERTEX
  8
0
 10
25.686569
 20
19.791046
 30
0.0
 70
0
  0
VERTEX
  8
0
 10
32.38657
 20
19.791046
 30
0.0
 70
0
  0
VERTEX
  8
0
 10
32.686569
 20
20.091045
 30
0.0
 70
0
  0
VERTEX
  8
0
 10
32.686569
 20
28.491047
 30
0.0
 70
0
  0
VERTEX
  8
0
 10
32.38657
 20
28.791046
 30
0.0
 70
0
  0
VERTEX
  8
0
 10
25.686569
 20
28.791046
 30
0.0
 70
0
  0
SEQEND
  8
0
  0
ENDSEC
  0
EOF
